r          Cu                             Fe                             Co                            Ni
A          1150C  1300C  1500C  1600C     1560C 1600C 1650C  1750C       1550C   1600C 1650C  1750C    1500C 1600C 1650C  1750C
           1423K  1573K  1773K  1873K     1833K 1873K 1923K  2023K       1823K   1873K 1923K  2023K    1773K 1873K 1923K  2023K
1.50       0.077  0.081  0.046  0.201     0.027 0.040 0.028  -0.061      0.023   0.045 -0.016 -0.704   0.048 0.040 -0.060 -0.012
1.60       0.036  0.070  0.047  0.147     0.029 0.042 0.015  -0.020      0.017   0.028 0.047  -0.620   0.047 0.081 0.018  0.003
1.70       0.041  0.062  0.041  -0.101    0.021 0.031 -0.001 -0.013      -0.019  0.006 0.037  -0.406   0.064 0.089 -0.074 0.171
1.80       0.059  0.043  0.035  -0.065    0.003 0.032 -0.001 -0.032      0.025   0.005 0.014  0.048    0.025 0.048 0.016  0.382
1.90       0.003  0.004  0.001  -0.038    0.007 0.003 0.018  -0.124      -0.044  0.051 0.067  -0.245   0.073 0.087 0.098  0.398
2.00       -0.007 0.041  0.105  0.162     0.039 0.045 0.056  -0.273      -0.240  0.287 0.439  0.527    0.451 0.540 0.523  0.446
2.10       0.148  0.385  0.454  0.467     0.354 0.378 0.398  0.545       0.594   0.641 0.851  0.881    0.881 1.035 1.029  1.085
2.20       0.738  0.954  1.030  1.044     0.760 0.819 0.814  0.981       1.114   1.152 1.365  1.373    1.385 1.556 1.544  1.584
2.30       1.455  1.654  1.650  1.684     1.429 1.519 1.491  1.647       1.773   1.816 1.916  1.926    1.934 2.065 2.027  2.058
2.40       2.405  2.550  2.201  1.983     2.020 2.051 1.970  1.976       2.219   2.140 2.139  2.026    2.292 2.230 2.216  1.984
2.50       3.565  3.562  2.480  2.162     2.488 2.429 2.361  2.373       2.373   2.509 2.135  2.039    2.361 2.205 2.070  1.840
2.60       2.614  2.454  2.349  2.035     2.537 2.392 2.297  2.119       2.163   2.067 1.936  1.834    2.080 1.919 1.777  1.440
2.70       2.108  2.007  1.908  1.667     2.184 2.013 2.001  1.796       1.746   1.710 1.630  1.576    1.598 1.514 1.426  1.218
2.80       1.497  1.489  1.424  1.335     1.641 1.530 1.593  1.495       1.337   1.368 1.341  1.335    1.160 1.169 1.160  1.142
2.90       1.050  1.131  1.093  1.006     1.154 1.150 1.239  1.213       1.065   1.094 1.143  1.137    0.906 0.949 0.989  0.992
3.00       0.824  0.944  0.917  0.840     0.837 0.939 1.011  1.037       0.923   0.941 0.990  0.978    0.787 0.802 0.863  0.896
3.10       0.742  0.779  0.801  0.822     0.742 0.832 0.848  0.918       0.830   0.862 0.944  0.952    0.710 0.747 0.734  0.827
3.20       0.655  0.673  0.683  0.732     0.723 0.755 0.814  0.816       0.736   0.800 0.791  0.852    0.647 0.650 0.652  0.727
3.30       0.594  0.622  0.621  0.661     0.694 0.701 0.749  0.730       0.659   0.675 0.712  0.678    0.566 0.573 0.642  0.727
3.40       0.561  0.582  0.603  0.633     0.673 0.678 0.678  0.672       0.605   0.641 0.683  0.657    0.576 0.580 0.640  0.686
3.50       0.560  0.601  0.602  0.640     0.662 0.662 0.661  0.661       0.605   0.632 0.670  0.671    0.617 0.634 0.656  0.687
3.60       0.587  0.612  0.634  0.598     0.661 0.665 0.659  0.644       0.644   0.641 0.674  0.699    0.682 0.705 0.705  0.737
3.70       0.614  0.657  0.645  0.752     0.693 0.699 0.660  0.716       0.700   0.680 0.709  0.743    0.760 0.768 0.759  0.786
3.80       0.678  0.696  0.702  0.821     0.734 0.732 0.707  0.756       0.754   0.732 0.772  0.792    0.831 0.845 0.820  0.846
3.90       0.750  0.762  0.785  0.885     0.785 0.791 0.780  0.807       0.841   0.815 0.841  0.848    0.924 0.901 0.903  0.951
4.00       0.841  0.851  0.865  0.943     0.855 0.849 0.759  0.854       0.934   0.897 0.934  0.916    0.998 1.001 0.988  1.047
4.10       0.937  0.961  0.957  0.997     0.946 0.934 0.942  0.912       1.019   0.986 1.029  1.003    1.076 1.099 1.054  1.084
4.20       1.014  1.037  1.045  1.050     1.010 1.006 0.974  0.993       1.085   1.067 1.101  1.074    1.126 1.177 1.126  1.134
4.30       1.108  1.101  1.105  1.094     1.084 1.084 1.057  1.062       1.136   1.125 1.144  1.129    1.178 1.216 1.180  1.192
4.40       1.158  1.172  1.141  1.135     1.116 1.117 1.106  1.125       1.174   1.165 1.191  1.157    1.241 1.237 1.206  1.197
4.50       1.216  1.207  1.174  1.171     1.164 1.146 1.146  1.155       1.206   1.201 1.214  1.174    1.240 1.249 1.223  1.195
4.60       1.261  1.242  1.223  1.190     1.186 1.191 1.171  1.169       1.225   1.226 1.220  1.174    1.243 1.228 1.206  1.162
4.70       1.274  1.262  1.226  1.186     1.194 1.209 1.171  1.172       1.232   1.223 1.216  1.160    1.219 1.194 1.176  1.122
4.80       1.244  1.251  1.198  1.185     1.213 1.200 1.167  1.152       1.197   1.202 1.166  1.137    1.163 1.133 1.110  1.088
4.90       1.216  1.203  1.184  1.121     1.177 1.123 1.136  1.112       1.164   1.153 1.116  1.083    1.066 1.055 1.050  1.041
5.00       1.144  1.154  1.119  1.072     1.133 1.115 1.091  1.087       1.087   1.092 1.065  1.042    0.997 0.982 0.977  0.991
5.10       1.067  1.098  1.065  1.026     1.085 1.067 1.060  1.028       1.035   1.033 1.020  1.009    0.937 0.935 0.954  0.951
5.20       1.001  1.029  1.021  0.984     1.036 1.027 1.027  1.000       0.981   0.980 0.977  0.980    0.896 0.904 0.910  0.931
5.30       0.945  0.963  0.975  0.945     0.986 0.977 0.997  0.976       0.932   0.934 0.936  0.952    0.868 0.875 0.889  0.902
5.40       0.892  0.904  0.922  0.911     0.938 0.938 0.971  0.953       0.895   0.892 0.902  0.924    0.849 0.848 0.869  0.895
5.50       0.847  0.862  0.875  0.899     0.903 0.912 0.949  0.934       0.879   0.877 0.883  0.905    0.846 0.854 0.864  0.895
5.60       0.827  0.848  0.850  0.883     0.887 0.902 0.932  0.924       0.880   0.869 0.877  0.900    0.860 0.868 0.875  0.915
5.70       0.836  0.844  0.848  0.889     0.889 0.902 0.922  0.929       0.887   0.872 0.880  0.908    0.885 0.894 0.898  0.925
5.80       0.849  0.853  0.869  0.903     0.894 0.906 0.916  0.937       0.894   0.881 0.890  0.922    0.914 0.922 0.931  0.953
5.90       0.868  0.870  0.893  0.921     0.904 0.908 0.916  0.947       0.908   0.898 0.908  0.939    0.947 0.954 0.965  0.973
6.00       0.903  0.895  0.915  0.945     0.910 0.916 0.921  0.945       0.921   0.925 0.928  0.951    0.974 0.982 0.998  0.998
6.10       0.946  0.932  0.939  0.973     0.926 0.934 0.935  0.961       0.951   0.961 0.957  0.972    1.014 1.012 1.026  1.022
6.20       0.990  0.978  0.972  1.003     0.956 0.962 0.958  0.980       0.988   0.997 0.989  0.998    1.056 1.045 1.050  1.041
6.30       1.028  1.021  1.006  1.026     0.992 0.991 0.982  1.000       1.020   1.026 1.018  1.023    1.087 1.074 1.069  1.056
6.40       1.056  1.051  1.033  1.041     1.021 1.014 1.004  1.015       1.045   1.046 1.041  1.042    1.100 1.091 1.081  1.063
6.50       1.072  1.070  1.051  1.050     1.039 1.030 1.021  1.025       1.063   1.060 1.060  1.051    1.099 1.095 1.082  1.066
6.60       1.003  1.003  1.064  1.061     1.048 1.043 1.034  1.034       1.077   1.071 1.075  1.055    1.095 1.091 1.074  1.059
6.70       1.092  1.092  1.075  1.072     1.055 1.053 1.044  1.041       1.086   1.079 1.083  1.056    1.086 1.079 1.058  1.053
6.80       1.096  1.095  1.082  1.073     1.062 1.060 1.052  1.044       1.085   1.080 1.081  1.054    1.060 1.060 1.040  1.039
6.90       1.087  1.087  1.081  1.063     1.067 1.061 1.054  1.042       1.073   1.071 1.069  1.047    1.042 1.038 1.025  1.019
7.00       1.068  1.068  1.068  1.043     1.066 1.056 1.051  1.033       1.055   1.055 1.051  1.034    1.009 1.013 1.013  1.002
7.10       1.047  1.043  1.047  1.025     1.056 1.046 1.042  1.026       1.037   1.037 1.033  1.018    0.979 0.990 0.999  0.986
7.20       1.027  1.019  1.027  1.008     1.039 1.033 1.028  1.014       1.019   1.019 1.016  1.002    0.959 0.971 0.981  0.973
7.30       1.005  0.999  1.012  0.992     1.024 1.023 1.014  1.007       1.000   1.001 1.002  0.990    0.948 0.958 0.961  0.964
7.40       0.982  0.983  0.999  0.979     1.005 1.008 1.001  1.000       0.980   0.982 0.987  0.982    0.940 0.948 0.946  0.960
7.50       0.964  0.968  0.984  0.965     0.986 0.990 0.989  0.993       0.963   0.966 0.973  0.976    0.935 0.941 0.939  0.958
7.60       0.951  0.958  0.969  0.954     0.970 0.975 0.981  0.985       0.952   0.955 0.961  0.971    0.936 0.940 0.944  0.961
7.70       0.944  0.953  0.958  0.949     0.961 0.966 0.976  0.981       0.948   0.950 0.955  0.968    0.946 0.945 0.955  0.967
7.80       0.947  0.953  0.953  0.954     0.956 0.962 0.975  0.980       0.949   0.950 0.954  0.969    0.962 0.957 0.969  0.976
7.90       0.947  0.955  0.954  0.964     0.955 0.963 0.976  0.981       0.951   0.953 0.956  0.973    0.979 0.972 0.983  0.987
8.00       0.951  0.958  0.958  0.980     0.955 0.966 0.978  0.984       0.955   0.958 0.962  0.979    0.994 0.988 0.997  0.997
8.10       0.959  0.965  0.965  0.990     0.960 0.972 0.982  0.986       0.964   0.968 0.971  0.986    1.008 1.003 1.009  1.006
8.20       0.974  0.976  0.972  0.999     0.970 0.979 0.987  0.991       0.979   0.982 0.983  0.994    1.021 1.017 1.019  1.014
8.30       0.993  0.991  0.982  1.000     0.985 0.987 0.992  0.995       0.995   0.997 0.994  1.001    1.033 1.028 1.025  1.020
8.40       1.006  1.005  0.993  1.016     1.000 0.995 0.997  0.999       1.009   1.009 1.003  1.007    1.040 1.035 1.027  1.024
8.50       1.014  1.013  1.003  1.021     1.012 1.001 1.001  1.001       1.018   1.017 1.010  1.011    1.040 1.036 1.027  1.026
8.60       1.020  1.017  1.009  1.024     1.018 1.006 1.003  1.002       1.025   1.022 1.014  1.014    1.035 1.034 1.025  1.025
8.70       1.028  1.021  1.015  1.025     1.021 1.012 1.005  1.005       1.032   1.027 1.020  1.015    1.028 1.029 1.023  1.023
8.80       1.034  1.026  1.022  1.025     1.023 1.017 1.006  1.008       1.037   1.029 1.025  1.016    1.023 1.025 1.020  1.017
8.90       1.038  1.030  1.027  1.024     1.025 1.020 1.007  1.010       1.038   1.029 1.027  1.016    1.017 1.019 1.017  1.011
9.00       1.035  1.027  1.029  1.020     1.024 1.019 1.007  1.009       1.033   1.026 1.025  1.015    1.008 1.011 1.012  1.004
9.20       1.018  1.013  1.022  1.000     1.015 1.014 1.009  1.005       1.016   1.017 1.015  1.007    0.990 0.994 0.998  0.991
9.40       1.007  1.005  1.000  0.996     1.006 1.008 1.009  1.003       0.999   1.004 1.005  0.998    0.980 0.981 0.982  0.983
9.60       0.985  0.995  0.998  0.985     0.998 0.998 1.005  1.001       0.983   0.987 0.992  0.993    0.975 0.976 0.976  0.983
9.80       0.977  0.981  0.990  0.983     0.988 0.993 1.000  0.997       0.978   0.983 0.984  0.992    0.982 0.982 0.984  0.990
10.00      0.982  0.984  0.987  0.987     0.985 0.990 0.994  0.997       0.979   0.982 0.987  0.994    0.996 0.993 0.997  0.999
10.20      0.985  0.991  0.986  0.993     0.986 0.988 0.990  0.995       0.985   0.983 0.990  0.996    1.003 1.003 1.004  1.006
10.40      0.997  0.998  0.991  1.003     0.991 0.995 0.991  0.996       0.999   0.994 0.996  0.997    1.014 1.013 1.006  1.010
10.60      1.007  1.006  0.997  1.008     1.002 0.999 0.994  1.000       1.008   1.004 1.003  1.000    1.018 1.016 1.008  1.009
10.80      1.017  1.009  1.003  1.008     1.007 1.004 1.002  1.001       1.015   1.011 1.007  1.004    1.012 1.011 1.013  1.007
11.00      1.014  1.009  1.008  1.007     1.010 1.008 1.009  1.002       1.017   1.015 1.007  1.006    1.005 1.006 1.012  1.002
11.20      1.013  1.003  1.007  1.005     1.011 1.006 1.009  1.002       1.009   1.012 1.006  1.004    0.996 0.997 1.003  0.996
11.40      1.003  1.002  1.006  1.001     1.004 1.004 1.003  1.001       1.003   1.006 1.004  1.003    0.990 0.989 0.991  0.994
11.60      0.993  0.998  1.000  0.998     0.998 1.000 1.000  1.001       0.994   0.996 0.999  1.001    0.990 0.991 0.988  0.994
11.80      0.984  0.992  0.996  0.994     0.992 0.994 0.997  0.999       0.985   0.987 0.993  0.997    0.992 0.995 0.992  0.996
12.00      0.996  0.997  0.999  0.995     0.995 0.997 0.998  0.999       0.993   0.993 0.995  0.999    0.998 1.001 1.000  0.999
12.20      1.001  1.001  1.002  0.997     1.001 1.000 0.999  0.999       1.000   0.998 1.001  0.998    1.001 1.001 0.996  1.002
12.40      1.000  1.000  0.999  0.999     0.999 1.000 0.998  1.001       1.000   0.998 1.000  0.999    1.004 1.002 0.997  1.002
12.60      1.001  1.001  0.999  1.002     1.000 1.000 0.999  1.000       1.002   1.000 1.001  0.999    1.003 1.002 1.003  1.003
12.80      1.002  1.001  0.998  1.002     1.000 1.000 1.000  0.999       1.002   1.004 1.000  0.999    1.004 1.001 1.008  1.003
13.00      1.002  1.001  0.998  1.003     1.000 1.000 1.000  1.000       1.002   1.004 1.000  1.000    1.002 1.000 1.004  1.001
13.20      1.002  1.001  0.998  1.002     1.000 1.000 1.001  0.999       1.002   1.004 1.000  1.001    1.001 0.999 0.998  0.999
13.40      1.001  1.000  0.999  1.000     1.000 1.000 1.001  0.998       1.001   1.002 1.000  1.001    0.999 0.999 0.996  0.998
13.60      1.000  1.000  1.000  1.000     1.001 1.000 1.001  0.999       1.000   0.999 1.000  1.001    0.998 1.000 0.999  0.998
13.80      0.999  0.999  1.001  0.999     1.001 1.000 1.001  1.000       1.000   0.998 1.000  1.000    0.997 1.000 1.002  0.999
