2.206164860 0.090554415   1.900581438 0.089733060   1.601960751 0.097535934
2.213516075 0.088501027   1.907925182 0.087885010   1.611779668 0.095468632
2.222107174 0.086598727   1.919082820 0.086142086   1.617760621 0.092811812
2.233992052 0.083402240   1.930960146 0.083153163   1.624699130 0.090791521
2.242906087 0.080994497   1.942813306 0.080828445   1.635572582 0.088439128
2.251801999 0.079084907   1.951739425 0.078088600   1.643500868 0.086169761
2.263685366 0.075929933   1.963610709 0.075265728   1.653376488 0.084287847
2.269651081 0.073691931   1.972499069 0.073563703   1.663272246 0.081852428
2.278559210 0.071446549   1.981396491 0.071612600   1.677125098 0.078476053
2.284519017 0.069370908   1.993261734 0.068955780   1.687023373 0.075971446
2.293427012 0.067129216   2.005090729 0.067295267   1.698897074 0.073082154
2.299385813 0.065081251   2.014004765 0.064887524   1.710760807 0.070466847
2.311238973 0.062756533   2.025854905 0.062645832   1.725559738 0.068042498
2.323106230 0.060044362   2.037699003 0.060570191   1.736435204 0.065634755
2.336924848 0.057608944   2.049540081 0.058577576   1.749263038 0.063476088
2.346810537 0.055450277   2.061387200 0.056418910   1.764066399 0.060929969
2.358681318 0.052641243   2.073231298 0.054343269   1.778859691 0.058660602
2.372506481 0.050025936   2.085084458 0.052018551   1.790709830 0.056418910
2.380439198 0.047634798   2.105810320 0.048870637   1.807279282 0.054209446
2.391291102 0.045874654   2.120445513 0.046611910   1.820306483 0.051603423
2.409485701 0.042295327   2.129493199 0.044417093   1.832156623 0.049361731
2.426813731 0.039913414   2.147244075 0.041723373   1.844010690 0.047012105
2.435727364 0.037516741   2.164989581 0.039177253   1.861750255 0.044629270
2.450514615 0.035413425   2.182725018 0.036907886   1.876544554 0.042332227
2.462355692 0.033420810   2.200478580 0.034140365   1.890355117 0.040118210
2.473222096 0.031262143   2.218196900 0.032341476   1.906111000 0.038346997
2.486043889 0.029269528   2.235921261 0.030376536   1.923832341 0.036465083
2.497878925 0.027442964   2.256600354 0.028065656   1.941563750 0.034306416
2.509710941 0.025699426   2.277278440 0.025782451   1.959289119 0.032313801
2.518608866 0.023734486   2.292050184 0.024105334   1.977010459 0.030431887
2.536346317 0.021409768   2.310516250 0.022381930   2.000623139 0.028356246
2.548197464 0.019140401   2.328774755 0.020533881   2.019321485 0.026078029
2.565930888 0.016926384   2.356989735 0.018268632   2.050820850 0.023374708
2.583670352 0.014546316   2.383554529 0.015919006   2.074435040 0.021257554
2.601419886 0.011889496   2.410100896 0.014075837   2.095105071 0.019195751
2.627979746 0.009675479   2.436646054 0.012265878   2.118704661 0.017479888
2.642783106 0.007129359   2.463756206 0.010472279   2.151146797 0.015321222
2.660502433 0.005302795   2.492907060 0.009240246   2.177680478 0.013826760
2.675271560 0.003697633   2.529364303 0.007186858   2.199691371 0.011668094
2.697864371 0.001641851   2.569307004 0.004998368   2.228774325 0.011169940
2.718837381 -0.000616016  2.598786354 0.003407044   2.263155740 0.009620128
2.722736090 -0.003055615  2.638706152 0.001848049   2.298512835 0.008208693
2.724223639 -0.005312873  2.675133513 0.000616016   2.333865903 0.006907958
2.725763284 -0.009365066  2.711560874 -0.000616016  2.369213936 0.005745599
2.727923735 -0.007012673  2.729915709 -0.003280671  2.404577073 0.004168112
2.736062489 -0.011579083  2.740831259 -0.005133470  2.439900941 0.003669958
2.739073505 -0.013472067  2.758056400 -0.007427801  2.475223802 0.003199479
2.745733046 -0.015647339  2.772853720 -0.009807870  2.510551698 0.002590625
2.745813013 -0.017845293  2.790603254 -0.012464690  2.544104087 0.002053388
2.755579440 -0.020213749  2.805399566 -0.014817083  2.576863311 0.001642710
2.757645587 -0.023091971  2.823130976 -0.016975749  2.620537296 0.001232033
2.762860495 -0.026258015  2.857778328 -0.019507187  2.675133513 0.000616016
2.767740710 -0.031007081  2.886959065 -0.021560575  2.722445752 0.000205339
2.770646607 -0.030010773  2.917501143 -0.023064295  2.762496425 -0.000616016
2.775677052 -0.033497850  2.952836087 -0.023866877  2.804008495 -0.001558722
2.781649949 -0.035933268  2.996226206 -0.024845996  2.853778222 -0.002147371
2.785629195 -0.037483080  3.025332235 -0.024845996  2.887323512 -0.002280212
2.787679232 -0.039918499  3.058766408 -0.024226654  2.922629256 -0.002280212
2.793638033 -0.041966464  3.094625742 -0.023269092  2.957935000 -0.002280212
2.800569494 -0.043793028  3.129298351 -0.022040313  3.009949967 -0.002053388
2.806526281 -0.045785643  3.161606369 -0.020512641  3.063830079 -0.001671358
2.811805084 -0.048276412  3.192467780 -0.018685832  3.126329259 -0.000821355
2.816716112 -0.050836660  3.225137355 -0.016632444  3.180873181 0.000000000
2.821530014 -0.053839130  3.261400071 -0.013937011  3.228148066 0.000616016
2.823607237 -0.057021779  3.293687951 -0.011855835  3.275422951 0.001232033
2.833510043 -0.059650924  3.328918178 -0.009780194  3.326336090 0.001848049
2.842436161 -0.062390770  3.364159481 -0.008008981  3.366341938 0.002258727
2.847452509 -0.065490393  3.403038246 -0.006365503  3.410852596 0.002468854
2.857358336 -0.068202564  3.432084509 -0.004722793  3.446144344 0.002853539
2.863321164 -0.070361231  3.464014201 -0.003110469  3.481442536 0.003061103
2.875172814 -0.072644435  3.499243421 -0.001007153  3.516746266 0.003116454
2.887007347 -0.074457162  3.534515937 -0.000093871  3.552051003 0.003144129
2.901426521 -0.076697747  3.566151369 0.000787286   3.599152817 0.003285421
2.915087643 -0.079032797  3.595581800 0.001437372   3.647051373 0.003201867
2.924957598 -0.082449763  3.635557766 0.002669405   3.693262902 0.003448556
2.937388313 -0.084475588  3.679186927 0.003490760   3.730912637 0.003715865
2.946281204 -0.086302152  3.751922116 0.004312115   3.765220685 0.003202381
2.969895696 -0.088427608  3.800460418 0.005016752   3.807824243 0.002616751
3.002316889 -0.090010630  3.833989854 0.005529687   3.842181974 0.002169962
3.041406830 -0.090050166  3.869689925 0.006243753   3.875715181 0.002369223
3.078784474 -0.089235724  3.903208230 0.006852607   3.911020925 0.002369223
3.101859329 -0.088081273  3.940261137 0.007350761   3.946331703 0.002230847
3.133090285 -0.086652977  3.978490147 0.007869671   3.981652550 0.001815719
3.155122170 -0.084890716  4.010096181 0.008213552   4.016955817 0.001883789
3.169755366 -0.082759725  4.043187973 0.008676946   4.050348564 0.001848049
3.178511319 -0.080822460  4.081421685 0.009066624   4.087561727 0.002037121
3.193155591 -0.078995896  4.113770683 0.009467915   4.122867470 0.002037121
3.206511891 -0.076546802  4.153777516 0.009642268   4.163134426 0.001848049
3.217221737 -0.074402354  4.188318314 0.009650924   4.203170158 0.001437372
3.228988765 -0.072192245  4.217424343 0.009650924   4.239552694 0.001437372
3.242833745 -0.069697026  4.256176256 0.009310166   4.275927760 0.001642710
3.255502490 -0.067483009  4.293257155 0.009038949   4.312310296 0.001642710
3.269151950 -0.065268992  4.325636259 0.008612751   4.348707774 0.001232033
3.274959716 -0.063165676  4.384866188 0.007392197   4.396020013 0.000821355
3.290570606 -0.060951659  4.428562586 0.006365503   4.454247013 0.000410678
3.304201942 -0.058239488  4.475809116 0.005219770   4.511301135 0.000099856
3.315881413 -0.055790232  4.517046474 0.003919035   4.546608893 0.000044505
3.332252730 -0.052912564  4.552387459 0.002950403   4.584271615 -0.000045162
3.349016796 -0.050047626  4.581533595 0.001848049   4.615736038 0.000409220
3.362662229 -0.047722908  4.632499029 0.001026694   4.649562554 0.000633389
3.372388828 -0.045508891  4.681951605 -0.000066195  4.687823975 0.000261457
3.384078872 -0.043350225  4.718237930 -0.000062505  4.723137693 0.000042280
3.391880289 -0.042132516  4.752573161 -0.000342948  4.758453002 -0.000220634
3.397690070 -0.040084550  4.785380389 -0.001026694  4.796725983 -0.000910289
3.425009128 -0.036210021  4.814516301 -0.001848049  4.829073974 -0.000481324
3.438651036 -0.033788440  4.852676585 -0.002280212  4.864372670 -0.000287597
3.450332521 -0.031394534  4.882104079 -0.002446264  4.899677407 -0.000259922
3.464965716 -0.029263543  4.928199703 -0.002501614  4.934982144 -0.000232247
3.479578774 -0.026579047  4.967352837 -0.002669405  4.970293929 -0.000398298
3.497151095 -0.024365030  5.011011881 -0.002669405  5.004141186 -0.000744238
3.505911076 -0.022538466                            5.026240202 -0.001649217
3.522014337 -0.020379800
3.538115585 -0.018165783
3.555687905 -0.015951766
3.573266267 -0.013903801
3.587913559 -0.012160262
3.602559341 -0.010375211
3.627204792 -0.008490530
3.646517832 -0.005601238
3.669971925 -0.003318033
3.690498977 -0.001449956
3.716918878 0.000182881
3.736261842 0.002249666
3.749156112 0.003656120
3.773478868 0.005531359
3.794984031 0.007471011
3.817949482 0.009443007
3.851818557 0.012249273
3.875286244 0.014158863
3.898744869 0.016317529
3.922208024 0.018351657
3.948613930 0.020369180
3.975020137 0.022378400
3.998495376 0.024080426
4.017489032 0.025494087
4.042517300 0.027110861
4.071872299 0.028937425
4.101222464 0.030896830
4.133532495 0.032369152
4.168801991 0.033365459
4.201138913 0.034098690
4.238121374 0.034222600
4.274700092 0.033891288
4.310027987 0.033282433
4.345393138 0.031649596
4.377831246 0.029601630
4.411256111 0.027387614
4.439777905 0.025159759
4.460450956 0.023014930
4.481114442 0.021133016
4.504725611 0.019098888
4.528341312 0.016940222
4.551957012 0.014781555
4.575574223 0.012581376
4.594142920 0.010877125
4.612242896 0.009414541
4.628703507 0.007890428
4.652314676 0.005856300
4.675924335 0.003863684
4.702471065 0.002010552
4.745974089 -0.000192711
4.781366885 -0.002222394
4.824548378 -0.003894762
4.870442229 -0.005379836
4.905784221 -0.006376143
4.941109096 -0.006901972
4.979390464 -0.007822173
5.011340121 -0.007997120
